[ 11.35534335  10.94876332  10.91058169  11.04822669  11.97103619]
[  8.3820174    7.99259875   8.26550008   8.41738015  10.16128745]
200 iterations with castmean

[ 13.41325535  10.85520848  11.11611182  11.37952834  11.9676502 ]
[ 10.50130003   8.08134888   8.54314607   8.9698175   10.07410443]
200 iterations without castmean


[ 11.80746832  11.54981209  11.4706051   11.48980209]
[ 8.9612199   8.69234258  8.92955084  9.0089175 ]
100 interations with castmean stdmax

[ 11.27280047  10.90133364  10.92007335  11.02498474]
[ 8.27869719  7.92112132  8.2585505   8.39387696]
100 iterations with 10fold

[ 11.16905954  10.86818527  10.80663881  10.97525365]
[ 8.22416609  7.96671194  8.15742252  8.32107646]
[ 0.51924391  0.52963818  0.54849129  0.54426818]
500 iterations 10fold
